2 0 0 0 0 0 0 0 0 0 0 0 0 0 0 0 0 0 0 4 
2 0 0 0 6 1 7 0 0 0 0 0 0 0 0 0 0 0 0 4 
2 0 0 0 5 9 9 7 0 0 0 0 0 0 0 0 0 0 0 4 
9 7 0 0 0 4 9 9 1 7 0 0 0 0 0 0 0 0 0 4 
9 8 0 0 0 4 9 9 9 9 1 1 1 1 1 1 1 1 1 9 
2 0 0 0 0 4 9 9 9 9 9 9 9 9 9 9 9 9 9 9 
2 0 0 0 6 9 9 9 3 3 3 3 9 9 3 3 3 3 3 9
2 0 0 0 4 9 9 8 0 0 0 0 5 8 0 0 0 0 0 4 
9 7 0 0 4 9 8 0 0 0 0 0 0 0 0 0 0 0 0 4 
9 8 0 0 5 8 0 0 0 0 0 0 0 0 0 0 0 0 0 4 
2 0 0 0 0 0 0 0 0 0 0 0 0 6 1 1 1 1 1 9 
9 1 1 1 1 1 1 1 1 1 1 1 1 9 9 9 9 9 9 9 

1 //load isBackground2

// Coin
18
75  375   
225 275  
148 192       
75  125   
151 53       
435 125   
675 175  
715 175  
755 175  
795 175  
848 143       
825 118       
871 118       
802 93       
894 93       
848 93       
848 59       
848 29       
//khởi tạo player
575 430 1
//khởi tạo 3 spike ở 3 tạo độ
3
400 350 0
450 350 0
500 350 0

850 425   vị trí của exitDoor

720 350   //vị trí của Door ( cửa chắn đường)

1
825 188	//nút bấm

1
600 150  //stone đá

1
50 520 0 //hộp box
// khởi tạo enemy
2
1 400 125 450 125 400 125 
1 60 525 150 525 60 525

0 //khởi tạo mushroom

0   //